
8,890新聞學,記者不是你想的那樣,蕭彤雯,時報文化,890009
8,890新聞學,普立茲獎評審教你寫出叫好又叫座的採訪報導,傑克.哈特(Jack Hart),890010

